[
  {
    "m00": -0.440667838,
    "m10": 0.4033383,
    "m20": 0.801953852,
    "m30": 0.0,
    "m01": 0.403338224,
    "m11": 0.887078941,
    "m21": -0.224519968,
    "m31": 0.0,
    "m02": -0.801953733,
    "m12": 0.224519923,
    "m22": -0.553589,
    "m32": 0.0,
    "m03": -7.20436,
    "m13": 6.79838133,
    "m23": 28.59713,
    "m33": 1.0
  },
  {
    "m00": 0.6717163,
    "m10": -0.525732636,
    "m20": 0.521922052,
    "m30": 0.0,
    "m01": -0.525732636,
    "m11": 0.158061311,
    "m21": 0.835836,
    "m31": 0.0,
    "m02": -0.5219219,
    "m12": -0.835835934,
    "m22": -0.170222446,
    "m32": 0.0,
    "m03": -18.5881329,
    "m13": -47.6290359,
    "m23": -43.56298,
    "m33": 1.0
  },
  {
    "m00": 0.47174722,
    "m10": 0.525903,
    "m20": -0.707729161,
    "m30": 0.0,
    "m01": 0.525903046,
    "m11": 0.4764363,
    "m21": 0.704581,
    "m31": 0.0,
    "m02": 0.707729042,
    "m12": -0.704580963,
    "m22": -0.0518164672,
    "m32": 0.0,
    "m03": -3.87257862,
    "m13": 7.40099525,
    "m23": -39.02378,
    "m33": 1.0
  },
  {
    "m00": 0.8645746,
    "m10": -0.3610483,
    "m20": -0.349506825,
    "m30": 0.0,
    "m01": -0.361048281,
    "m11": 0.0374344662,
    "m21": -0.931795657,
    "m31": 0.0,
    "m02": 0.349506766,
    "m12": 0.9317955,
    "m22": -0.09799097,
    "m32": 0.0,
    "m03": 32.0154533,
    "m13": -1.6861856,
    "m23": -24.4309,
    "m33": 1.0
  },
  {
    "m00": -0.336306363,
    "m10": -0.7217359,
    "m20": -0.6049755,
    "m30": 0.0,
    "m01": -0.7217359,
    "m11": 0.6101922,
    "m21": -0.326745927,
    "m31": 0.0,
    "m02": 0.6049755,
    "m12": 0.3267458,
    "m22": -0.726114035,
    "m32": 0.0,
    "m03": 35.09719,
    "m13": 32.42805,
    "m23": -18.3814964,
    "m33": 1.0
  },
  {
    "m00": 0.9089633,
    "m10": 0.3690417,
    "m20": 0.1938917,
    "m30": 0.0,
    "m01": 0.369041741,
    "m11": -0.496009052,
    "m21": -0.7859919,
    "m31": 0.0,
    "m02": -0.193891719,
    "m12": 0.7859918,
    "m22": -0.587045848,
    "m32": 0.0,
    "m03": 16.1035881,
    "m13": -30.6224823,
    "m23": 44.81249,
    "m33": 1.0
  },
  {
    "m00": 0.590293646,
    "m10": 0.08422225,
    "m20": 0.802782655,
    "m30": 0.0,
    "m01": 0.0842221752,
    "m11": 0.9826867,
    "m21": -0.1650258,
    "m31": 0.0,
    "m02": -0.8027826,
    "m12": 0.165025845,
    "m22": 0.5729803,
    "m32": 0.0,
    "m03": 28.1792641,
    "m13": -40.9450722,
    "m23": 34.4122276,
    "m33": 1.0
  },
  {
    "m00": 0.9910549,
    "m10": 0.0450333133,
    "m20": 0.125627458,
    "m30": 0.0,
    "m01": 0.0450333469,
    "m11": 0.7732848,
    "m21": -0.6324576,
    "m31": 0.0,
    "m02": -0.125627473,
    "m12": 0.632457554,
    "m22": 0.7643395,
    "m32": 0.0,
    "m03": 19.6031075,
    "m13": -6.518631,
    "m23": 30.0321712,
    "m33": 1.0
  },
  {
    "m00": 0.47047177,
    "m10": -0.300564259,
    "m20": -0.829649031,
    "m30": 0.0,
    "m01": -0.3005642,
    "m11": 0.8293975,
    "m21": -0.470915139,
    "m31": 0.0,
    "m02": 0.829649,
    "m12": 0.470915049,
    "m22": 0.29986918,
    "m32": 0.0,
    "m03": -38.6299858,
    "m13": 6.132824,
    "m23": 40.9474869,
    "m33": 1.0
  },
  {
    "m00": 0.691990435,
    "m10": 0.373027325,
    "m20": -0.6180614,
    "m30": 0.0,
    "m01": 0.373027354,
    "m11": 0.5482305,
    "m21": 0.7485279,
    "m31": 0.0,
    "m02": 0.618061364,
    "m12": -0.7485279,
    "m22": 0.240220875,
    "m32": 0.0,
    "m03": 15.2419081,
    "m13": -26.9873829,
    "m23": -42.3920975,
    "m33": 1.0
  },
  {
    "m00": 0.04453145,
    "m10": 0.400870174,
    "m20": 0.915052,
    "m30": 0.0,
    "m01": 0.400870085,
    "m11": 0.831813633,
    "m21": -0.383913159,
    "m31": 0.0,
    "m02": -0.915051937,
    "m12": 0.3839131,
    "m22": -0.123655081,
    "m32": 0.0,
    "m03": 46.16946,
    "m13": -36.533226,
    "m23": -29.262722,
    "m33": 1.0
  },
  {
    "m00": 0.799129546,
    "m10": 0.248843461,
    "m20": -0.5472377,
    "m30": 0.0,
    "m01": 0.248843566,
    "m11": 0.6917265,
    "m21": 0.6779318,
    "m31": 0.0,
    "m02": 0.547237635,
    "m12": -0.677931666,
    "m22": 0.490855873,
    "m32": 0.0,
    "m03": -1.08466566,
    "m13": -14.5002422,
    "m23": 3.17986536,
    "m33": 1.0
  },
  {
    "m00": 0.99192065,
    "m10": 0.0348948538,
    "m20": -0.121966749,
    "m30": 0.0,
    "m01": 0.0348948836,
    "m11": 0.8492897,
    "m21": 0.5267726,
    "m31": 0.0,
    "m02": 0.121966705,
    "m12": -0.526772559,
    "m22": 0.8412102,
    "m32": 0.0,
    "m03": 42.33282,
    "m13": -42.1070175,
    "m23": 36.81328,
    "m33": 1.0
  },
  {
    "m00": 0.3081416,
    "m10": -0.208779916,
    "m20": 0.9281486,
    "m30": 0.0,
    "m01": -0.208779991,
    "m11": 0.9369971,
    "m21": 0.280084521,
    "m31": 0.0,
    "m02": -0.928148448,
    "m12": -0.280084461,
    "m22": 0.24513866,
    "m32": 0.0,
    "m03": 48.6920242,
    "m13": -22.01795,
    "m23": 36.46617,
    "m33": 1.0
  },
  {
    "m00": 0.9171216,
    "m10": 0.3936646,
    "m20": 0.0625804,
    "m30": 0.0,
    "m01": 0.393664628,
    "m11": -0.8698679,
    "m21": -0.297250777,
    "m31": 0.0,
    "m02": -0.06258044,
    "m12": 0.297250718,
    "m22": -0.9527463,
    "m32": 0.0,
    "m03": -20.1422462,
    "m13": -45.6641541,
    "m23": -1.25389731,
    "m33": 1.0
  },
  {
    "m00": 0.865605652,
    "m10": 0.08065332,
    "m20": -0.494188249,
    "m30": 0.0,
    "m01": 0.08065337,
    "m11": 0.951598048,
    "m21": 0.2965742,
    "m31": 0.0,
    "m02": 0.49418816,
    "m12": -0.296574175,
    "m22": 0.8172036,
    "m32": 0.0,
    "m03": 2.99475956,
    "m13": -34.895546,
    "m23": -46.7689056,
    "m33": 1.0
  },
  {
    "m00": 0.7871791,
    "m10": -0.56297,
    "m20": -0.2518213,
    "m30": 0.0,
    "m01": -0.5629699,
    "m11": -0.489210576,
    "m21": -0.6661368,
    "m31": 0.0,
    "m02": 0.25182125,
    "m12": 0.6661366,
    "m22": -0.702031434,
    "m32": 0.0,
    "m03": -27.2400112,
    "m13": -33.40362,
    "m23": 19.9147682,
    "m33": 1.0
  },
  {
    "m00": 0.71919775,
    "m10": -0.0660651252,
    "m20": 0.691657543,
    "m30": 0.0,
    "m01": -0.06606516,
    "m11": 0.984456658,
    "m21": 0.162728265,
    "m31": 0.0,
    "m02": -0.6916574,
    "m12": -0.16272822,
    "m22": 0.703654349,
    "m32": 0.0,
    "m03": 27.854681,
    "m13": 14.6868334,
    "m23": -15.9917278,
    "m33": 1.0
  },
  {
    "m00": -0.16718711,
    "m10": -0.6339769,
    "m20": -0.7550643,
    "m30": 0.0,
    "m01": -0.6339769,
    "m11": 0.655645,
    "m21": -0.410125643,
    "m31": 0.0,
    "m02": 0.7550643,
    "m12": 0.410125524,
    "m22": -0.511541963,
    "m32": 0.0,
    "m03": 38.0219421,
    "m13": 13.4887333,
    "m23": 1.16672862,
    "m33": 1.0
  },
  {
    "m00": 0.486246675,
    "m10": 0.39444223,
    "m20": 0.7797305,
    "m30": 0.0,
    "m01": 0.394442171,
    "m11": 0.6971609,
    "m21": -0.5986502,
    "m31": 0.0,
    "m02": -0.779730439,
    "m12": 0.598650157,
    "m22": 0.183407471,
    "m32": 0.0,
    "m03": 20.1189632,
    "m13": 45.6171265,
    "m23": -34.33517,
    "m33": 1.0
  }
]